2 0
3 0
4 0
5 0
6 0
7 0
8 0
9 0
10 0
11 0
12 0
13 0
14 0
15 0
16 0
17 0
18 0
19 0
20 0
21 0
22 0
23 0
24 0
25 0
26 0
27 0
28 0
29 0
30 0
31 0
32 0
33 0
34 0
35 0
36 0
37 0
38 0
39 0
40 0
41 0
42 0
43 0
44 0
45 0
46 0
47 0
48 0
49 0
50 0
51 0
52 0
53 0
54 0
55 0
56 0
57 0
58 0
59 0
60 0
61 0
62 0
63 1
64 0
65 0
66 0
67 0
68 0
69 0
70 0
71 0
72 0
73 0
74 0
75 0
76 0
77 0
78 0
79 0
80 0
81 0
82 0
83 0
84 0
85 0
86 1
87 0
88 0
89 0
90 0
91 0
92 0
93 0
94 0
95 0
96 0
97 0
98 1
99 0
100 0
101 0
102 0
103 0
104 0
105 0
106 0
107 1
108 0
109 0
110 0
111 0
112 0
113 0
114 1
115 0
116 0
117 0
118 0
119 0
120 1
121 0
122 0
123 0
124 0
125 1
126 0
127 0
128 0
129 1
130 0
131 0
132 0
133 1
134 0
135 0
136 0
137 1
138 0
139 0
140 1
141 0
142 0
143 1
144 0
145 0
146 1
147 0
148 0
149 1
150 0
151 1
152 0
153 0
154 1
155 0
156 1
157 0
158 0
159 1
160 0
161 1
162 0
163 1
164 0
165 1
166 0
167 1
168 0
169 1
170 0
171 1
172 1
173 0
174 1
175 0
176 1
177 1
178 0
179 1
180 0
181 0
182 1
183 1
184 0
185 1
186 1
187 0
188 1
189 1
190 1
191 1
192 0
193 1
194 1
195 1
196 1
197 1
198 0
199 1
200 1
201 1
202 1
203 1
204 1
205 1
206 1
207 1
208 1
209 1
210 1
211 1
212 1
213 1
214 2
215 1
216 1
217 1
218 1
219 1
220 2
221 1
222 1
223 1
224 2
225 1
226 1
227 2
228 1
229 1
230 2
231 1
232 2
233 1
234 1
235 2
236 1
237 2
238 2
239 1
240 2
241 1
242 2
243 2
244 1
245 2
246 2
247 1
248 2
249 2
250 2
251 2
252 1
253 2
254 2
255 2
256 3
257 2
258 2
259 2
260 2
261 2
262 2
263 2
264 3
265 2
266 2
267 3
268 3
269 2
270 2
271 2
272 2
273 2
274 2
275 3
276 2
277 2
278 2
279 2
280 2
281 3
282 2
283 3
284 2
285 3
286 3
287 3
288 2
289 3
290 3
291 3
292 3
293 2
294 2
295 3
296 3
297 3
298 4
299 3
300 3
301 3
302 3
303 4
304 3
305 3
306 3
307 4
308 3
309 4
310 3
311 4
312 3
313 4
314 3
315 4
316 4
317 3
318 4
319 4
320 4
321 4
322 3
323 4
324 4
325 4
326 4
327 4
328 4
329 5
330 4
331 4
332 4
333 5
334 4
335 4
336 5
337 4
338 5
339 4
340 5
341 4
342 4
343 5
344 5
345 4
346 5
347 5
348 5
349 5
350 5
351 5
352 5
353 5
354 5
355 6
356 5
357 5
358 6
359 5
360 5
361 6
362 5
363 6
364 5
365 6
366 6
367 6
368 5
369 6
370 6
371 6
372 6
373 6
374 6
375 6
376 6
377 6
378 7
379 6
380 7
381 6
382 7
383 6
384 9
385 6
386 6
387 7
388 7
389 6
390 7
391 7
392 7
393 7
394 7
395 8
396 7
397 7
398 8
399 7
400 7
401 7
402 8
403 7
404 8
405 7
406 7
407 8
408 8
409 8
410 8
411 9
412 8
413 8
414 8
415 8
416 8
417 8
418 9
419 8
420 9
421 9
422 8
423 8
424 9
425 9
426 9
427 9
428 9
429 9
430 9
431 9
432 10
433 9
434 10
435 9
436 10
437 10
438 10
439 9
440 9
441 10
442 11
443 10
444 10
445 10
446 11
447 10
448 12
449 10
450 11
451 11
452 11
453 11
454 11
455 11
456 11
457 11
458 11
459 12
460 11
461 12
462 11
463 12
464 12
465 11
466 11
467 12
468 12
469 12
470 12
471 12
472 12
473 13
474 12
475 13
476 12
477 13
478 13
479 13
480 13
481 13
482 13
483 13
484 13
485 14
486 13
487 14
488 14
489 14
490 16
491 14
492 16
493 15
494 14
495 14
496 14
497 15
498 15
499 14
500 14
501 15
